12 3  -7.97 -125.02 -6.2   1.8   76.6 28.05   .
12 4  -7.97 -125.02 -5.1   1.0   71.5 27.81   .
12 5  -7.97 -125.02 -6.2   0.4   76.2 27.97   .
12 6  -7.97 -125.02 -7.9   0.9   78.3 27.85   .
12 7  -7.97 -125.01 -6.6   0.8   83.5 27.18   .
12 8  -7.95 -125.01 -6.3   1.0   75.8 28.05   .
12 9  -7.96 -125.01 -6.2   1.6   82.6 27.38   .
12 10 -7.97 -125.01 -8.5  -0.3  78.8 27.85   .
12 11 -7.97 -125.01 -6.1   2.4  74.9 28.01   .
12 12 -7.96 -125.02 -7.7   2.6  79.6 27.42   .
12 13 -7.97 -125.02 -7.9   2.3  71.9 27.46   .
16 13 -1.98 -110.00 -3.9   0.8 87.1   .    .
20 7   5.02  -94.95    .     .   85.4 27.96   .
20 8   5.02  -94.95    .     .   27.58   .    .
20 9   5.02  -94.96    .     .   83.1 28.30   .
20 10  5.02  -94.96   .     .      .  28.19   .
20 11  5.03  -94.95   .     .    85.4 28.57   . 
20 12  5.03  -94.95   .     .    87.8 26.96   .
20 13  5.03  -94.95   .     .    85.0 27.69   .
21 8   2.00  -95.05  -3.3   4.0    .    .   29.30
21 9   2.00  -95.03   1.0   5.2    .    .   28.97
21 10  2.00  -95.04   0.5   5.5    .    .     .
21 11  2.00  -95.04    .     .     .    .   27.99
21 12  2.00  -95.04  -1.0   6.3    .    .   28.21
21 13  2.00  -95.03  -1.4   6.3    .    .   28.27
22 7   0.11  -95.20  -3.4   1.9    .    .   26.76
22 8   0.09  -95.19  -6.5   0.2    .    .   27.01
22 9   0.10  -95.21  -6.3  -1.1    .    .     .
22 10  0.11  -95.20  -5.2  -0.7    .    .   25.57
22 11  0.11  -95.20  -5.2  -0.2    .    .   25.07
22 12  0.10  -95.19  -4.2   0.7    .    .   24.87
22 13  0.13  -95.19  -3.4   0.6    .    .   24.21
23 6  -1.97  -95.02  -3.6   1.0  90.8   .     .
19 7   8.06  -94.95  0.4   1.1   83.7 28.97   .
19 8   8.06  -94.98  2.0   0.8   83.7 28.66   .
19 9   8.06  -94.95  2.5   1.3   84.1 28.67   .
19 10  8.05  -94.95  2.6   0.2   84.8 28.73   .
19 11  8.05  -94.95  2.0  -1.2   79.8 29.32   .
19 12  8.05  -94.95  2.8  -2.1   85.2 28.75   .
19 13  8.06  -94.95  3.9   1.4   87.9 27.74   .
20 1   5.02  -94.95    .     .   88.6 27.50   .
20 2   5.02  -94.95    .     .   81.5 28.61   .
20 3   5.02  -94.95    .     .   88.2   .     .
20 4   5.03  -94.95    .     .     .  28.72   .
20 5   5.03  -94.95    .     .   81.1 28.91   .
20 6   5.02  -94.95    .     .   83.1   .     .
20 7   5.02  -94.95    .     .   85.4 27.96   .
20 8   5.02  -94.95    .     .   27.58   .    .
20 9   5.02  -94.96    .     .   83.1 28.30   .
20 10  5.02  -94.96   .     .      .  28.19   .
20 11  5.03  -94.95   .     .    85.4 28.57   . 
20 12  5.03  -94.95   .     .    87.8 26.96   .
20 13  5.03  -94.95   .     .    85.0 27.69   .
21 8   2.00  -95.05  -3.3   4.0    .    .   29.30
21 9   2.00  -95.03   1.0   5.2    .    .   28.97
21 10  2.00  -95.04   0.5   5.5    .    .     .
21 11  2.00  -95.04    .     .     .    .   27.99
21 12  2.00  -95.04  -1.0   6.3    .    .   28.21
21 13  2.00  -95.03  -1.4   6.3    .    .   28.27
22 7   0.11  -95.20  -3.4   1.9    .    .   26.76
22 8   0.09  -95.19  -6.5   0.2    .    .   27.01
22 9   0.10  -95.21  -6.3  -1.1    .    .     .
22 10  0.11  -95.20  -5.2  -0.7    .    .   25.57
22 11  0.11  -95.20  -5.2  -0.2    .    .   25.07
22 12  0.10  -95.19  -4.2   0.7    .    .   24.87
22 13  0.13  -95.19  -3.4   0.6    .    .   24.21
23 6  -1.97  -95.02  -3.6   1.0  90.8   .     .
16 13 -1.98 -110.00 -3.9   0.8 87.1   .    .
19 1   8.06  -94.96 -2.3   2.4   86.4 29.14   . 
19 2   8.06  -94.95  1.7  -0.3   83.7 29.24   . 
19 3   8.05  -94.96  0.9   1.0   87.1 28.53   . 
19 4   8.05  -94.95  7.0   1.3   84.4 29.18   . 
19 5   8.05  -94.96  3.3   2.8   83.7 29.32   .
19 6   8.06  -94.96  2.8   1.8   84.8 29.09   .
19 7   8.06  -94.95  0.4   1.1   83.7 28.97   .
19 8   8.06  -94.98  2.0   0.8   83.7 28.66   .
19 9   8.06  -94.95  2.5   1.3   84.1 28.67   .
19 10  8.05  -94.95  2.6   0.2   84.8 28.73   .
19 11  8.05  -94.95  2.0  -1.2   79.8 29.32   .
19 12  8.05  -94.95  2.8  -2.1   85.2 28.75   .
19 13  8.06  -94.95  3.9   1.4   87.9 27.74   .
20 1   5.02  -94.95    .     .   88.6 27.50   .
20 2   5.02  -94.95    .     .   81.5 28.61   .
20 3   5.02  -94.95    .     .   88.2   .     .
20 4   5.03  -94.95    .     .     .  28.72   .
20 5   5.03  -94.95    .     .   81.1 28.91   .
20 6   5.02  -94.95    .     .   83.1   .     .
20 7   5.02  -94.95    .     .   85.4 27.96   .
20 8   5.02  -94.95    .     .   27.58   .    .
20 9   5.02  -94.96    .     .   83.1 28.30   .
20 10  5.02  -94.96   .     .      .  28.19   .
20 11  5.03  -94.95   .     .    85.4 28.57   . 
20 12  5.03  -94.95   .     .    87.8 26.96   .
20 13  5.03  -94.95   .     .    85.0 27.69   .
21 8   2.00  -95.05  -3.3   4.0    .    .   29.30
21 9   2.00  -95.03   1.0   5.2    .    .   28.97
21 10  2.00  -95.04   0.5   5.5    .    .     .
21 11  2.00  -95.04    .     .     .    .   27.99
21 12  2.00  -95.04  -1.0   6.3    .    .   28.21
21 13  2.00  -95.03  -1.4   6.3    .    .   28.27
22 7   0.11  -95.20  -3.4   1.9    .    .   26.76
22 8   0.09  -95.19  -6.5   0.2    .    .   27.01
22 9   0.10  -95.21  -6.3  -1.1    .    .     .
22 10  0.11  -95.20  -5.2  -0.7    .    .   25.57
22 11  0.11  -95.20  -5.2  -0.2    .    .   25.07
22 12  0.10  -95.19  -4.2   0.7    .    .   24.87
22 13  0.13  -95.19  -3.4   0.6    .    .   24.21
23 6  -1.97  -95.02  -3.6   1.0  90.8   .     .
